learning rate, gamma, tau
1e-05,0.9,0.0001,0.95
1e-05,0.9,0.002575,2.85
1e-05,0.9,0.005050000000000001,2.38
1e-05,0.9,0.007525000000000001,2.84
1e-05,0.9,0.01,2.6
1e-05,0.9225,0.0001,0.82
1e-05,0.9225,0.002575,2.88
1e-05,0.9225,0.005050000000000001,2.78
1e-05,0.9225,0.007525000000000001,2.86
1e-05,0.9225,0.01,2.88
1e-05,0.9450000000000001,0.0001,0.78
1e-05,0.9450000000000001,0.002575,3.26
1e-05,0.9450000000000001,0.005050000000000001,2.86
1e-05,0.9450000000000001,0.007525000000000001,2.97
1e-05,0.9450000000000001,0.01,2.9
1e-05,0.9675,0.0001,0.93
1e-05,0.9675,0.002575,3.32
1e-05,0.9675,0.005050000000000001,3.4
1e-05,0.9675,0.007525000000000001,2.5
1e-05,0.9675,0.01,2.99
1e-05,0.99,0.0001,0.89
1e-05,0.99,0.002575,4.05
1e-05,0.99,0.005050000000000001,3.41
1e-05,0.99,0.007525000000000001,3.25
1e-05,0.99,0.01,0.93
3.2500000000000004e-05,0.9,0.0001,1.32
3.2500000000000004e-05,0.9,0.002575,3.98
3.2500000000000004e-05,0.9,0.005050000000000001,3.58
3.2500000000000004e-05,0.9,0.007525000000000001,3.7
3.2500000000000004e-05,0.9,0.01,3.89
3.2500000000000004e-05,0.9225,0.0001,1.5
3.2500000000000004e-05,0.9225,0.002575,3.66
3.2500000000000004e-05,0.9225,0.005050000000000001,3.9
3.2500000000000004e-05,0.9225,0.007525000000000001,3.84
3.2500000000000004e-05,0.9225,0.01,3.66
3.2500000000000004e-05,0.9450000000000001,0.0001,0.71
3.2500000000000004e-05,0.9450000000000001,0.002575,4.21
3.2500000000000004e-05,0.9450000000000001,0.005050000000000001,3.65
3.2500000000000004e-05,0.9450000000000001,0.007525000000000001,3.66
3.2500000000000004e-05,0.9450000000000001,0.01,3.61
3.2500000000000004e-05,0.9675,0.0001,1.13
3.2500000000000004e-05,0.9675,0.002575,3.6
3.2500000000000004e-05,0.9675,0.005050000000000001,3.98
3.2500000000000004e-05,0.9675,0.007525000000000001,3.66
3.2500000000000004e-05,0.9675,0.01,3.96
3.2500000000000004e-05,0.99,0.0001,0.77
3.2500000000000004e-05,0.99,0.002575,4.24
3.2500000000000004e-05,0.99,0.005050000000000001,4.3
3.2500000000000004e-05,0.99,0.007525000000000001,4.11
3.2500000000000004e-05,0.99,0.01,4.19
5.5e-05,0.9,0.0001,0.71
5.5e-05,0.9,0.002575,4.03
5.5e-05,0.9,0.005050000000000001,4.48
5.5e-05,0.9,0.007525000000000001,3.92
5.5e-05,0.9,0.01,4.06
5.5e-05,0.9225,0.0001,1.1
5.5e-05,0.9225,0.002575,4.27
5.5e-05,0.9225,0.005050000000000001,4.29
5.5e-05,0.9225,0.007525000000000001,4.2
5.5e-05,0.9225,0.01,4.47
5.5e-05,0.9450000000000001,0.0001,0.98
5.5e-05,0.9450000000000001,0.002575,4.13
5.5e-05,0.9450000000000001,0.005050000000000001,4.34
5.5e-05,0.9450000000000001,0.007525000000000001,4.13
5.5e-05,0.9450000000000001,0.01,4.13
5.5e-05,0.9675,0.0001,1.49
5.5e-05,0.9675,0.002575,4.15
5.5e-05,0.9675,0.005050000000000001,4.64
5.5e-05,0.9675,0.007525000000000001,3.96
5.5e-05,0.9675,0.01,4.51
5.5e-05,0.99,0.0001,1.61
5.5e-05,0.99,0.002575,3.57
5.5e-05,0.99,0.005050000000000001,4.72
5.5e-05,0.99,0.007525000000000001,4.15
5.5e-05,0.99,0.01,4.07
7.75e-05,0.9,0.0001,0.81
7.75e-05,0.9,0.002575,4.36
7.75e-05,0.9,0.005050000000000001,4.52
7.75e-05,0.9,0.007525000000000001,4.43
7.75e-05,0.9,0.01,4.33
7.75e-05,0.9225,0.0001,1.6
7.75e-05,0.9225,0.002575,4.15
7.75e-05,0.9225,0.005050000000000001,4.59
7.75e-05,0.9225,0.007525000000000001,4.7
7.75e-05,0.9225,0.01,4.17
7.75e-05,0.9450000000000001,0.0001,1.06
7.75e-05,0.9450000000000001,0.002575,4.37
7.75e-05,0.9450000000000001,0.005050000000000001,4.33
7.75e-05,0.9450000000000001,0.007525000000000001,4.38
7.75e-05,0.9450000000000001,0.01,4.73
7.75e-05,0.9675,0.0001,1.05
7.75e-05,0.9675,0.002575,4.48
7.75e-05,0.9675,0.005050000000000001,4.84
7.75e-05,0.9675,0.007525000000000001,4.72
7.75e-05,0.9675,0.01,4.78
7.75e-05,0.99,0.0001,1.15
7.75e-05,0.99,0.002575,4.73
7.75e-05,0.99,0.005050000000000001,4.55
7.75e-05,0.99,0.007525000000000001,4.69
7.75e-05,0.99,0.01,4.74
0.0001,0.9,0.0001,1.75
0.0001,0.9,0.002575,4.49
0.0001,0.9,0.005050000000000001,4.0
0.0001,0.9,0.007525000000000001,4.56
0.0001,0.9,0.01,4.27
0.0001,0.9225,0.0001,1.25
0.0001,0.9225,0.002575,4.31
0.0001,0.9225,0.005050000000000001,4.32
0.0001,0.9225,0.007525000000000001,4.71
0.0001,0.9225,0.01,4.69
0.0001,0.9450000000000001,0.0001,1.37
0.0001,0.9450000000000001,0.002575,4.33
0.0001,0.9450000000000001,0.005050000000000001,4.49
0.0001,0.9450000000000001,0.007525000000000001,4.3
0.0001,0.9450000000000001,0.01,4.4
0.0001,0.9675,0.0001,1.65
0.0001,0.9675,0.002575,4.44
0.0001,0.9675,0.005050000000000001,4.63
0.0001,0.9675,0.007525000000000001,4.62
0.0001,0.9675,0.01,4.7
0.0001,0.99,0.0001,1.15
0.0001,0.99,0.002575,4.87
0.0001,0.99,0.005050000000000001,4.77
0.0001,0.99,0.007525000000000001,4.68
0.0001,0.99,0.01,4.59
